STARTING AT Wed May 17 03:06:15 CEST 2023
data type: double
random seed: 0
batch size: 10000
conversion factor: HARTREE_TO_KCAL_MOL
target key: energy
dataset path: datasets/methane.extxyz
n_test: 1000
n_train: 500
r_cut: 6.0
nu_max: 4
l_max: 3
optimization target: rmse
Density parameters: C=0.6, L_NU=0.0, L_R=0.2
Gaussian smoothing map for r = 1, 2, 3, 4 A:
nu = 1: 0.7328416548961019 0.8950948185847621 1.0932712802343054 1.3353245570954806
nu = 2: 0.7328416548961019 0.8950948185847621 1.0932712802343054 1.3353245570954806
nu = 3: 0.7328416548961019 0.8950948185847621 1.0932712802343054 1.3353245570954806
nu = 4: 0.7328416548961019 0.8950948185847621 1.0932712802343054 1.3353245570954806
Reading dataset
Shuffling and extracting from dataset
Shuffling and extraction done
Calculating composition kernels
Composition kernels done
Number of spline points: 321
Calculating expansion coefficients
Expansion coefficients done
Computing train-train-kernels
     Calculating kernels for center species 1
  0%|          | 0/20 [00:00<?, ?it/s]  5%|▌         | 1/20 [00:06<02:07,  6.72s/it] 10%|█         | 2/20 [00:07<00:55,  3.10s/it] 15%|█▌        | 3/20 [00:07<00:33,  1.94s/it] 20%|██        | 4/20 [00:08<00:22,  1.40s/it] 25%|██▌       | 5/20 [00:08<00:16,  1.10s/it] 30%|███       | 6/20 [00:09<00:12,  1.09it/s] 35%|███▌      | 7/20 [00:10<00:10,  1.24it/s] 40%|████      | 8/20 [00:10<00:08,  1.37it/s] 45%|████▌     | 9/20 [00:11<00:07,  1.47it/s] 50%|█████     | 10/20 [00:11<00:06,  1.55it/s] 55%|█████▌    | 11/20 [00:12<00:05,  1.61it/s] 60%|██████    | 12/20 [00:12<00:04,  1.65it/s] 65%|██████▌   | 13/20 [00:13<00:04,  1.68it/s] 70%|███████   | 14/20 [00:14<00:03,  1.71it/s] 75%|███████▌  | 15/20 [00:14<00:02,  1.72it/s] 80%|████████  | 16/20 [00:15<00:02,  1.73it/s] 85%|████████▌ | 17/20 [00:15<00:01,  1.74it/s] 90%|█████████ | 18/20 [00:16<00:01,  1.75it/s] 95%|█████████▌| 19/20 [00:16<00:00,  1.75it/s]100%|██████████| 20/20 [00:17<00:00,  1.75it/s]100%|██████████| 20/20 [00:17<00:00,  1.14it/s]
     Calculating kernels for center species 6
  0%|          | 0/5 [00:00<?, ?it/s] 40%|████      | 2/5 [00:00<00:00, 13.03it/s] 80%|████████  | 4/5 [00:00<00:00,  8.69it/s]100%|██████████| 5/5 [00:00<00:00,  8.13it/s]100%|██████████| 5/5 [00:00<00:00,  8.63it/s]
Computing train-test-kernels
     Calculating kernels for center species 1
  0%|          | 0/40 [00:00<?, ?it/s]  2%|▎         | 1/40 [00:00<00:17,  2.29it/s]  5%|▌         | 2/40 [00:01<00:19,  1.94it/s]  8%|▊         | 3/40 [00:01<00:19,  1.86it/s] 10%|█         | 4/40 [00:02<00:19,  1.82it/s] 12%|█▎        | 5/40 [00:02<00:19,  1.80it/s] 15%|█▌        | 6/40 [00:03<00:19,  1.78it/s] 18%|█▊        | 7/40 [00:03<00:18,  1.78it/s] 20%|██        | 8/40 [00:04<00:18,  1.77it/s] 22%|██▎       | 9/40 [00:04<00:17,  1.77it/s] 25%|██▌       | 10/40 [00:05<00:16,  1.77it/s] 28%|██▊       | 11/40 [00:06<00:16,  1.76it/s] 30%|███       | 12/40 [00:06<00:15,  1.76it/s] 32%|███▎      | 13/40 [00:07<00:15,  1.76it/s] 35%|███▌      | 14/40 [00:07<00:14,  1.76it/s] 38%|███▊      | 15/40 [00:08<00:14,  1.76it/s] 40%|████      | 16/40 [00:08<00:13,  1.76it/s] 42%|████▎     | 17/40 [00:09<00:13,  1.76it/s] 45%|████▌     | 18/40 [00:10<00:12,  1.76it/s] 48%|████▊     | 19/40 [00:10<00:11,  1.76it/s] 50%|█████     | 20/40 [00:11<00:11,  1.76it/s] 52%|█████▎    | 21/40 [00:11<00:10,  1.76it/s] 55%|█████▌    | 22/40 [00:12<00:10,  1.76it/s] 57%|█████▊    | 23/40 [00:12<00:09,  1.76it/s] 60%|██████    | 24/40 [00:13<00:09,  1.76it/s] 62%|██████▎   | 25/40 [00:14<00:08,  1.76it/s] 65%|██████▌   | 26/40 [00:14<00:07,  1.76it/s] 68%|██████▊   | 27/40 [00:15<00:07,  1.76it/s] 70%|███████   | 28/40 [00:15<00:06,  1.76it/s] 72%|███████▎  | 29/40 [00:16<00:06,  1.76it/s] 75%|███████▌  | 30/40 [00:16<00:05,  1.76it/s] 78%|███████▊  | 31/40 [00:17<00:05,  1.76it/s] 80%|████████  | 32/40 [00:18<00:04,  1.76it/s] 82%|████████▎ | 33/40 [00:18<00:03,  1.76it/s] 85%|████████▌ | 34/40 [00:19<00:03,  1.76it/s] 88%|████████▊ | 35/40 [00:19<00:02,  1.76it/s] 90%|█████████ | 36/40 [00:20<00:02,  1.76it/s] 92%|█████████▎| 37/40 [00:20<00:01,  1.76it/s] 95%|█████████▌| 38/40 [00:21<00:01,  1.76it/s] 98%|█████████▊| 39/40 [00:22<00:00,  1.76it/s]100%|██████████| 40/40 [00:22<00:00,  1.76it/s]100%|██████████| 40/40 [00:22<00:00,  1.77it/s]
     Calculating kernels for center species 6
  0%|          | 0/10 [00:00<?, ?it/s] 20%|██        | 2/10 [00:00<00:00, 13.02it/s] 40%|████      | 4/10 [00:00<00:00,  8.68it/s] 50%|█████     | 5/10 [00:00<00:00,  8.12it/s] 60%|██████    | 6/10 [00:00<00:00,  7.77it/s] 70%|███████   | 7/10 [00:00<00:00,  7.54it/s] 80%|████████  | 8/10 [00:01<00:00,  7.38it/s] 90%|█████████ | 9/10 [00:01<00:00,  7.28it/s]100%|██████████| 10/10 [00:01<00:00,  7.20it/s]100%|██████████| 10/10 [00:01<00:00,  7.75it/s]
Printing a few representative kernels:
nu = 0:
tensor([[17., 17., 17., 17., 17., 17.],
        [17., 17., 17., 17., 17., 17.],
        [17., 17., 17., 17., 17., 17.],
        [17., 17., 17., 17., 17., 17.],
        [17., 17., 17., 17., 17., 17.],
        [17., 17., 17., 17., 17., 17.]], device='cuda:0')
nu = 1:
tensor([[0.1583, 0.1060, 0.1435, 0.2141, 0.1768, 0.0983],
        [0.1060, 0.0788, 0.0944, 0.1310, 0.1121, 0.0749],
        [0.1435, 0.0944, 0.1437, 0.1887, 0.1426, 0.0915],
        [0.2141, 0.1310, 0.1887, 0.3345, 0.2829, 0.1111],
        [0.1768, 0.1121, 0.1426, 0.2829, 0.2640, 0.0938],
        [0.0983, 0.0749, 0.0915, 0.1111, 0.0938, 0.0752]], device='cuda:0')
nu = 2:
tensor([[0.0032, 0.0015, 0.0029, 0.0051, 0.0034, 0.0013],
        [0.0015, 0.0009, 0.0012, 0.0020, 0.0015, 0.0008],
        [0.0029, 0.0012, 0.0036, 0.0051, 0.0025, 0.0012],
        [0.0051, 0.0020, 0.0051, 0.0110, 0.0079, 0.0016],
        [0.0034, 0.0015, 0.0025, 0.0079, 0.0079, 0.0011],
        [0.0013, 0.0008, 0.0012, 0.0016, 0.0011, 0.0008]], device='cuda:0')
nu = 3:
tensor([[9.2640e-05, 2.8299e-05, 8.8874e-05, 1.6885e-04, 8.8499e-05, 2.6270e-05],
        [2.8299e-05, 1.3907e-05, 2.2046e-05, 4.3253e-05, 2.7779e-05, 1.2208e-05],
        [8.8874e-05, 2.2046e-05, 1.3675e-04, 2.0577e-04, 6.4136e-05, 2.1822e-05],
        [1.6885e-04, 4.3253e-05, 2.0577e-04, 4.8101e-04, 2.7693e-04, 3.4051e-05],
        [8.8499e-05, 2.7779e-05, 6.4136e-05, 2.7693e-04, 3.0595e-04, 2.0108e-05],
        [2.6270e-05, 1.2208e-05, 2.1822e-05, 3.4051e-05, 2.0108e-05, 1.2309e-05]],
       device='cuda:0')
nu = 4:
tensor([[3.3900e-06, 6.7695e-07, 3.2380e-06, 6.9109e-06, 2.7998e-06, 6.3261e-07],
        [6.7695e-07, 2.7273e-07, 4.8089e-07, 1.1390e-06, 6.5358e-07, 2.2684e-07],
        [3.2380e-06, 4.8089e-07, 6.1715e-06, 1.0198e-05, 1.9929e-06, 4.8748e-07],
        [6.9109e-06, 1.1390e-06, 1.0198e-05, 2.5796e-05, 1.1032e-05, 9.0509e-07],
        [2.7998e-06, 6.5358e-07, 1.9929e-06, 1.1032e-05, 1.3520e-05, 4.5836e-07],
        [6.3261e-07, 2.2684e-07, 4.8748e-07, 9.0509e-07, 4.5836e-07, 2.2636e-07]],
       device='cuda:0')
Beginning hyperparameter optimization
WARNING: tried singular matrix in global optimization
WARNING: tried singular matrix in global optimization
[ 8.31008989  0.32667397 12.50745896]
7.346441335404276
Adaptive equivalent: tensor([3.2171e+12, 6.6712e+07, 1.0897e+07, 1.1865e+06, 9.6903e+04],
       device='cuda:0')

Final result (test RMSE or MAE):
500 7.514398519963224
FINISHED at Wed May 17 03:13:27 CEST 2023
